osu file format v9

[General]
AudioFilename: Masayoshi Minoshima - Bad Apple!! feat. nomico - Touhou PV [iichan].mp3
AudioLeadIn: 1996
PreviewTime: 49927
Countdown: 0
SampleSet: Normal
StackLeniency: 0.7
Mode: 0
LetterboxInBreaks: 1

[Editor]
Bookmarks: 1334,15249,29164,84824,90912,111784,126569,181360,188752,210059,217017
DistanceSpacing: 1
BeatDivisor: 4
GridSize: 8

[Metadata]
Title:Bad Apple!!
Artist:Masayoshi Minoshima ft. nomico
Creator:ignorethis
Version:happy30
Source:Touhou
Tags:shadow art siriru kanpakyin S i R i R u bakaru cyborg Aenna orioncomet ploy happy30 Card N'FoRcE cnf Alstroemeria Records

[Difficulty]
HPDrainRate:5
CircleSize:4
OverallDifficulty:8
ApproachRate:8
SliderMultiplier:1.9
SliderTickRate:2

[Events]
//Background and Video events
Video,0,"rena2.flv"
0,0,"ba.jpg"
//Break Periods
2,112837,124930
//Storyboard Layer 0 (Background)
//Storyboard Layer 1 (Fail)
//Storyboard Layer 2 (Pass)
//Storyboard Layer 3 (Foreground)
//Storyboard Sound Samples
//Background Colour Transformations
3,100,0,0,0

[TimingPoints]
1333,434.782608695652,4,2,0,83,1,0
15246,-100,4,1,0,85,0,0
31006,-100,4,1,2,85,0,0
33615,-100,4,1,0,85,0,0
37963,-100,4,1,2,85,0,0
41441,-100,4,1,0,85,0,0
44919,-100,4,1,2,85,0,0
51006,-100,4,1,0,85,0,0
51224,-100,4,1,2,85,0,0
53506,-100,4,1,0,85,0,0
84811,-200,4,2,0,85,0,0
98724,-200,4,1,0,85,0,0
98832,-200,4,2,0,85,0,0
99050,-200,4,1,0,85,0,0
100137,-200,4,2,0,85,0,0
100354,-200,4,1,0,85,0,0
100572,-200,4,2,0,85,0,0
100789,-200,4,1,0,85,0,0
101876,-200,4,2,0,85,0,0
102093,-200,4,1,0,85,0,0
102311,-200,4,2,0,85,0,0
102746,-200,4,2,0,85,0,0
102854,-200,4,1,0,85,0,0
104050,-200,4,2,0,85,0,0
104485,-200,4,1,0,85,0,0
105354,-200,4,2,0,85,0,0
105572,-200,4,1,0,85,0,0
105789,-200,4,2,0,85,0,0
106441,-200,4,1,0,85,0,0
106876,-200,4,2,0,85,0,0
107311,-200,4,1,0,85,0,0
107528,-200,4,2,0,85,0,0
108180,-200,4,1,0,85,0,0
108615,-200,4,2,0,85,0,0
109159,-200,4,1,0,85,0,0
109267,-200,4,2,0,85,0,0
109919,-200,4,1,0,85,0,0
110137,-200,4,2,0,85,0,0
111332,-100,4,2,0,86,0,0
111441,-100,4,1,0,86,0,0
112637,-100,4,2,0,83,0,0
125680,-100,4,1,0,83,0,0
126561,434.782608695652,4,1,0,83,1,0
128300,-100,4,1,2,82,0,0
130908,-100,4,1,0,82,0,0
138734,-200,4,1,0,83,0,0
140474,-100,4,1,0,82,0,0
142358,-100,4,1,2,82,0,0
144930,-100,4,1,0,82,0,0
149278,-100,4,1,2,84,0,0
154387,-100,4,1,0,84,0,1
158843,-100,4,1,0,84,0,1
182246,434.782608695652,4,1,0,75,1,0
182246,-200,4,1,0,75,0,0
189202,-200,4,1,0,67,0,0
196159,-100,4,2,0,81,0,0
206159,-100,4,2,0,80,0,0
207028,-100,4,2,0,60,0,0
207898,-100,4,2,0,30,0,0
210072,-100,4,2,0,92,0,0

[Colours]
Combo1 : 171,105,216
Combo2 : 193,27,9
Combo3 : 108,111,198
Combo4 : 231,148,65
Combo5 : 67,155,203

[HitObjects]
256,192,14811,1,4
48,240,15246,6,0,B|152:304,1,95,6|2
168,240,15572,2,0,B|192:184|160:120,1,95,0|2
256,240,15898,2,0,B|232:296|264:360,1,95,0|2
304,176,16332,1,2
304,176,16441,2,0,B|328:120|296:56,1,95,0|2
392,176,16767,2,0,B|368:232|400:296,1,95,0|2
464,104,17202,1,2
464,104,17311,2,0,B|488:160|456:224,1,95,0|2
392,176,17637,1,0
392,176,17854,5,10
304,176,18072,1,0
216,176,18289,1,2
128,176,18506,1,2
64,232,18724,6,0,B|32:280|72:344,1,95,2|0
60,322,19050,1,0
184,320,19267,1,2
183,320,19376,2,0,B|212:277|180:229,1,95,0|2
304,232,19811,1,2
304,232,19919,2,0,B|273:278|301:320,1,95,0|2
384,320,20246,2,0,B|414:273|386:231,1,95,0|2
432,120,20680,1,0
432,120,20789,1,2
336,48,21006,1,2
336,48,21115,2,0,B|240:48,1,95,0|10
152,128,21550,5,0
264,128,21767,1,2
376,128,21985,1,2
320,224,22202,6,0,B|352:272|320:320,1,95,6|0
324,313,22528,1,0
144,360,22746,1,2
144,360,22854,2,0,B|240:360,1,95,0|2
472,224,23506,6,0,B|416:312,1,95,2|0
420,304,23832,1,0
420,304,23941,1,2
40,224,24376,2,0,B|96:312,1,95,2|0
98,316,24702,1,0
104,329,24811,6,0,B|160:369|192:329,1,95,10|0
407,329,25246,2,0,B|351:369|319:329,1,95,2|2
368,224,25680,6,0,B|392:176|368:120,1,95,6|0
372,131,26006,1,0
144,224,26550,2,0,B|120:176|144:120,1,95,6|0
139,131,26876,1,0
216,48,27093,1,0
226,58,27202,1,2
236,68,27311,1,0
246,78,27419,2,0,B|286:126|270:198,1,95,6|0
256,336,27854,2,0,B|261:273|323:234,1,95,2|0
392,192,28289,6,0,B|456:192,5,63.3333333333333
472,224,29159,5,6
376,224,29376,1,2
280,224,29593,1,0
184,224,29811,1,2
88,224,30028,2,0,B|32:136|96:32,1,190,2|0
88,44,30680,1,2
128,128,30898,2,0,B|72:216|136:320,1,190,2|0
128,307,31550,1,2
56,240,31767,6,0,B|24:200|64:144,1,95,2|2
200,168,32202,2,0,B|232:208|192:264,1,95,0|2
80,336,32637,1,6
0,216,32854,1,2
64,88,33072,1,0
200,136,33289,1,2
200,280,33506,2,0,B|304:320|376:224,1,190,2|2
384,88,34159,1,2
288,152,34376,6,0,B|248:112|256:32,1,95,0|2
424,240,34811,2,0,B|464:200|456:120,2,95,0|2|2
270,241,35463,2,0,B|264:288|304:328,2,95,2|0|2
256,40,36115,5,6
256,40,36332,1,2
256,136,36550,1,0
256,136,36767,1,2
256,232,36985,1,2
256,232,37419,2,0,B|352:272,1,95,0|2
432,240,37854,2,0,B|496:152|400:56,1,190,2|0
152,264,38724,6,0,B|120:312|160:360,2,95,2|2|2
248,264,39376,1,0
344,264,39593,2,0,B|376:224|344:168,1,95,6|0
288,40,40028,2,0,B|248:96|280:144,1,95,2|2
271,129,40463,1,2
271,129,40898,1,2
184,160,41115,1,0
96,184,41332,6,0,B|32:280|112:368,1,190,6|2
160,280,41985,1,2
256,280,42202,2,0,B|320:280,5,63.3333333333333,4|0|0|0|0|0
344,304,43072,5,6
280,208,43289,1,2
336,112,43506,1,0
440,168,43724,1,2
440,280,43941,1,2
440,280,44376,1,2
440,168,44593,1,2
344,232,44811,2,0,B|256:304|168:232,1,190,2|0
232,136,45463,6,0,B|120:168,1,95,2|0
152,312,45898,2,0,B|264:280,1,95,2|2
64,152,46332,1,2
40,264,46550,1,4
152,232,46767,1,2
264,200,46985,1,0
368,160,47202,1,2
472,120,47419,1,2
328,296,47854,5,2
440,296,48072,2,0,B|480:248|456:192,1,95,0|2
408,104,48506,1,2
408,104,48724,1,2
56,192,49159,5,2
144,120,49376,1,2
200,224,49593,1,0
112,296,49811,1,2
56,192,50028,6,0,B|160:192,1,95,6|2
248,288,50463,2,0,B|144:288,1,95,0|2
272,176,50898,2,0,B|376:160|424:280,1,190,2|0
328,336,51550,1,2
216,336,51767,2,0,B|112:352|64:232,2,190,2|0|2
320,296,52854,5,2
216,248,53072,1,0
320,200,53289,1,2
216,160,53506,6,0,B|104:88|48:208,1,190,2|0
296,224,54376,2,0,B|408:296|464:176,1,190,2|2
256,304,55246,1,4
256,304,56115,6,0,B|256:224,5,63.3333333333333
296,232,56985,5,6
388,135,57202,2,0,B|352:48,1,95,0|2
484,232,57637,2,0,B|448:320,1,95,2|2
312,192,58289,5,2
200,192,58506,1,0
312,192,58724,1,2
123,135,58941,2,0,B|160:48,1,95,2|2
27,232,59376,2,0,B|64:320,1,95,2|0
64,320,60028,5,2
144,232,60246,1,2
176,344,60463,1,2
336,344,60680,1,0
176,344,60898,1,2
336,344,61115,1,2
432,288,61332,2,0,B|488:192|408:104,1,190,2|2
304,96,61985,1,0
352,200,62202,5,2
160,200,62419,1,2
352,200,62637,1,0
160,200,62854,1,2
88,288,63072,2,0,B|32:192|112:104,1,190,2|2
160,200,63724,1,2
352,200,63941,6,0,B|416:120,1,95,6|0
232,56,64376,2,0,B|248:160,1,95,2|2
256,264,64811,1,2
256,264,65246,1,0
360,312,65463,1,2
160,200,65680,6,0,B|96:120,1,95,2|0
280,56,66115,2,0,B|264:160,1,95,2|2
256,264,66550,1,2
256,264,66985,1,0
152,312,67202,1,2
432,224,67419,6,0,B|464:184|440:120,2,95,2|2|0
360,312,68072,1,2
256,360,68289,2,0,B|136:376|80:280,1,190,2|2
80,184,68941,1,2
152,96,69159,1,2
360,96,69376,1,2
152,96,69593,1,0
360,96,69811,1,2
424,192,70028,6,0,B|496:192,5,63.3333333333333
472,232,70898,6,0,B|392:304,1,95,4|0
352,112,71332,2,0,B|329:14,1,95,2|0
232,184,71767,2,0,B|334:217,1,95,4|0
256,304,72202,5,2
256,304,72419,1,2
40,232,72637,6,0,B|120:304,1,95,4|0
160,112,73072,2,0,B|182:14,1,95,2|0
280,184,73506,2,0,B|177:217,1,95,4|0
256,72,73941,5,2
256,72,74159,1,2
360,120,74376,6,0,B|416:104|424:56,2,95,4|0|2
456,176,75028,1,0
352,224,75246,2,0,B|288:336|416:368,2,190,4|2|4
256,160,76333,1,2
256,160,76550,1,2
256,272,76767,1,0
160,224,76985,2,0,B|224:336|96:368,1,190,4|2
101,366,77637,1,2
16,288,77854,5,4
16,96,78072,1,0
16,288,78289,1,2
16,96,78506,1,2
120,144,78724,5,4
144,256,78941,1,0
248,208,79159,1,2
272,320,79376,1,2
488,288,79593,5,4
488,96,79811,1,0
488,288,80028,1,2
488,96,80246,1,2
384,144,80463,5,4
400,256,80680,1,0
304,200,80898,1,2
328,312,81115,1,2
216,344,81333,6,0,B|104:304|120:184,1,190,4|2
296,40,82202,2,0,B|408:80|392:200,1,190,0|2
256,192,82854,1,2
256,192,83072,1,4
256,192,83506,1,4
104,192,83941,2,0,B|32:192,5,63.3333333333333
56,224,84811,6,0,B|96:336|232:280,1,190,4|2
264,184,86115,1,0
176,120,86550,2,0,B|216:8|352:64,1,190,0|2
384,232,87637,2,0,B|343:192|347:146,1,95
464,176,88289,6,0,B|512:288|408:344,1,190,0|2
416,339,89593,1,0
95,339,90028,1,2
416,339,90463,1,0
95,339,90898,1,2
32,280,91115,2,0,B|0:224|72:112,1,95
136,104,91767,6,0,B|168:160|96:272,1,95,4|0
184,256,92419,1,0
184,256,92637,1,2
152,336,92854,2,0,B|248:336,1,95
304,272,93506,6,0,B|376:192|296:80,1,190,0|2
224,136,94593,1,0
307,97,94811,1,0
248,24,95028,1,0
307,97,95246,6,0,B|304:208|432:232,1,190,0|2
464,144,96333,1,0
418,229,96550,1,0
456,320,96767,1,0
418,229,96985,6,0,B|352:312|240:256,1,190,0|2
72,192,98289,5,0
152,224,98506,2,0,B|152:312,1,47.5
216,160,98941,2,0,B|216:72,1,47.5
296,192,99376,1,0
456,288,99811,1,0
408,208,100028,1,0
360,288,100246,1,0
264,280,100463,6,0,B|192:280,1,47.5
112,336,100898,2,0,B|160:336,1,47.5
64,224,101441,1,0
64,224,101550,1,0
104,136,101767,1,0
184,192,101985,1,0
256,128,102202,6,0,B|336:128,1,47.5
368,200,102637,2,0,B|312:200,1,47.5
424,112,103072,2,0,B|496:168|440:264,1,142.5
400,320,103941,5,0
304,320,104159,1,0
208,320,104376,1,2
112,320,104593,1,0
59,239,104811,2,0,B|16:168|88:112,1,142.5
168,64,105680,5,0
240,128,105898,1,0
240,128,106006,1,2
184,208,106224,1,2
184,208,106333,2,0,B|240:256,1,47.5
288,304,106767,1,0
376,272,106985,2,0,B|440:256|448:176,1,95
424,120,107637,5,0
424,120,107746,1,2
336,152,107963,1,2
336,152,108072,1,0
304,64,108289,1,0
216,104,108506,6,0,B|160:128,1,47.5,0|2
256,224,108941,2,0,B|200:200,1,47.5,2|0
120,304,109376,2,0,B|176:280,1,47.5,0|2
240,344,109811,1,2
320,296,110028,2,0,B|376:320|432:272,1,95
360,208,110680,1,2
400,120,110898,2,0,B|344:96|288:144,1,95,4|0
309,128,111550,5,0
309,128,111767,1,6
202,128,112202,1,6
256,208,112637,1,4
256,304,125680,6,0,B|256:240,5,63.3333333333333
296,272,126561,5,2
352,200,126778,2,0,B|360:264|424:280,1,95,2|0
480,208,127213,1,2
392,56,127430,2,0,B|280:56|248:160,1,190,2|2
296,272,128082,1,2
176,304,128300,2,0,B|112:216|176:112,2,190,2|0|2
256,256,129387,1,2
256,128,129604,1,0
256,256,129821,1,2
344,296,130039,6,2,B|400:256|360:176,1,95,2|2
472,80,130474,2,0,B|416:120|456:200,1,95,0|2
472,256,130908,2,0,B|368:328|304:208,1,190,2|2
312,222,131561,1,0
296,312,131778,5,2
392,296,131995,1,2
400,200,132213,1,2
344,128,132430,2,0,B|312:88|248:96,1,95,0|2
104,176,132865,2,0,B|136:216|200:208,1,95,2|2
160,48,133300,1,2
24,112,133517,6,0,B|0:160|32:232,1,95,6|2
72,288,133952,1,0
160,328,134169,1,2
256,336,134387,2,0,B|360:296|336:176,1,190,2|2
248,224,135039,1,2
200,144,135256,6,0,B|152:104|192:16,1,95,2|2
312,144,135691,2,0,B|360:104|320:16,1,95,0|2
248,104,136126,1,2
208,192,136343,1,0
264,264,136561,1,2
352,232,136778,1,2
448,256,136995,6,0,B|472:296|448:360,1,95,2|2
320,344,137430,1,0
192,344,137647,1,2
59,348,137865,2,0,B|40:296|64:256,1,95,2|0
112,176,138300,1,2
112,176,138517,1,2
112,176,138734,6,0,B|192:136|224:240|320:160,1,190,4|0
294,178,139749,1,0
294,178,139894,1,0
294,178,140039,1,0
294,178,140184,1,0
294,178,140329,1,0
294,178,140474,5,2
352,104,140691,1,2
296,32,140908,1,0
208,56,141126,1,2
208,152,141343,2,0,B|232:256|112:304,1,190,2|2
40,248,141995,1,2
24,152,142213,2,0,B|-8:40|128:0,2,190,2|0|2
120,152,143300,5,2
216,152,143517,1,0
312,152,143734,1,2
488,232,143952,5,6
392,232,144169,1,2
296,232,144387,1,0
200,232,144604,1,2
104,232,144821,2,0,B|40:344|200:352,1,190,2|2
280,336,145474,1,2
336,256,145691,6,0,B|368:208|336:136,1,95,2|2
232,120,146126,2,0,B|200:168|232:240,1,95,0|2
312,48,146561,1,2
224,16,146778,1,2
128,40,146995,2,0,B|56:72|64:152,1,95,2|2
40,200,147430,5,6
136,200,147647,1,2
232,200,147865,1,0
232,200,148082,1,2
328,200,148300,1,0
328,200,148734,1,2
408,248,148952,1,2
336,312,149169,2,0,B|240:376|152:304,2,190,2|0|2
408,248,150256,1,2
448,160,150474,1,2
432,64,150691,1,2
344,24,150908,5,4
168,24,151126,1,2
344,24,151343,1,0
168,24,151561,1,0
200,112,151778,1,2
296,112,151995,1,0
240,192,152213,1,2
336,192,152430,1,2
432,192,152647,5,6
80,192,153082,1,6
256,280,153517,2,0,B|256:344,5,63.3333333333333
288,312,154387,5,6
376,240,154604,1,2
336,136,154821,1,0
224,136,155039,1,2
192,248,155256,1,2
192,248,155691,1,2
288,312,155908,1,2
376,240,156126,6,0,B|432:208|408:128,1,95,6|2
304,88,156561,2,0,B|248:120|272:200,1,95,0|2
384,328,156995,1,0
384,328,157430,1,2
440,224,157647,1,2
392,120,157865,6,0,B|344:88|296:128,1,95,4|2
192,216,158300,2,0,B|240:248|288:208,1,95,0|2
184,96,158734,2,0,B|80:136|104:264,1,190,2|2
101,248,159387,1,2
160,328,159604,6,0,B|264:328,1,95,4|2
344,248,160039,2,0,B|240:248,1,95,2|2
368,336,160474,2,0,B|488:312|448:168,1,190,2|2
432,104,161126,1,2
344,64,161343,5,4
168,64,161561,1,0
344,64,161778,1,2
168,64,161995,1,0
112,144,162213,2,0,B|176:240,1,95,4|0
352,240,162647,2,0,B|288:144,1,95,2|2
168,320,163082,5,4
344,320,163300,1,0
168,320,163517,1,2
344,320,163734,1,0
400,240,163952,2,0,B|336:144,1,95
168,88,164387,2,0,B|232:184,1,95,2|2
315,167,164821,5,4
220,167,165039,1,0
125,167,165256,1,2
32,168,165474,1,0
32,168,165691,2,0,B|0:240|80:288,1,95
160,336,166126,2,0,B|192:288|160:240,1,95,2|2
256,272,166561,6,0,B|352:272,1,95,4|0
480,344,166995,2,0,B|384:344,1,95,2|0
304,192,167430,2,0,B|280:128,5,63.3333333333333
256,176,168300,6,0,B|216:272,1,95,4|0
96,120,168734,2,0,B|136:216,1,95,2|0
224,40,169169,2,0,B|184:136,1,95,4|0
256,304,169604,1,2
256,304,169821,1,2
256,176,170039,6,0,B|296:272,1,95,4|0
416,120,170474,2,0,B|376:216,1,95,2|0
288,40,170908,2,0,B|328:136,1,95,4|0
400,304,171343,1,2
400,304,171561,1,2
328,232,171778,5,4
184,232,171995,1,0
328,232,172213,1,2
184,232,172430,1,2
120,312,172647,2,0,B|48:224|120:128,2,190,0|2|2
184,232,173734,1,2
328,232,173952,1,0
184,232,174169,1,2
328,232,174387,1,2
120,312,174821,5,0
256,312,175039,1,0
392,312,175256,2,0,B|432:208,1,95,4|0
336,192,175691,2,0,B|240:192,1,95,4|0
256,96,176126,2,0,B|136:48|96:160,1,190,2|2
64,240,176778,1,2
136,296,176995,6,0,B|240:296,1,95,4|0
272,200,177430,2,0,B|168:200,1,95,4|0
336,280,177865,2,0,B|464:248|408:120,1,190,2|2
415,138,178517,1,2
415,138,178734,1,4
96,138,179604,5,4
96,138,180256,5,2
152,216,180474,1,2
360,216,180691,1,2
152,216,180908,1,0
360,216,181126,1,2
288,272,181343,2,0,B|208:208|304:160|208:80,1,190,6|2
229,100,181995,1,0
56,72,182246,6,0,B|128:208,1,142.5,4|0
122,197,183224,1,2
122,197,183332,1,0
216,200,183550,1,2
312,200,183767,1,2
456,168,183985,6,0,B|384:304,1,142.5,4|0
389,293,184963,1,2
389,293,185072,1,0
296,296,185289,1,2
200,296,185506,1,0
104,296,185724,6,0,B|32:240|88:144,1,142.5,4|2
160,208,186593,2,0,B|256:208,2,95,2|0|2
216,128,187680,1,2
296,280,187898,5,0
376,168,188115,1,2
456,216,188332,1,2
456,216,188767,5,0
424,304,188985,1,0
336,336,189202,1,4
240,320,189419,1,0
184,248,189637,1,0
184,248,189854,1,0
184,248,190072,1,2
56,168,190506,5,0
88,80,190724,1,0
176,48,190941,1,4
272,64,191159,1,0
328,136,191376,1,2
328,136,191593,1,0
328,136,191811,1,2
456,216,192246,5,0
424,304,192463,1,0
336,336,192680,1,4
240,320,192898,1,0
184,248,193115,1,0
184,248,193332,1,0
184,248,193550,1,2
56,168,193985,5,0
88,80,194202,1,2
176,48,194419,1,0
272,64,194637,1,2
328,136,194854,1,0
328,136,195072,1,2
328,136,195289,1,4
144,192,195724,5,0
96,272,195941,1,0
160,336,196159,2,0,B|320:336,1,95,4|0
320,248,196593,2,0,B|224:248,1,95
392,336,197028,2,0,B|480:272|416:152,1,190,0|2
423,166,197680,1,2
352,48,197898,6,0,B|192:48,1,95,4|0
192,136,198332,2,0,B|288:136,1,95
120,48,198767,2,0,B|32:112|96:232,1,190,0|2
88,217,199419,1,2
160,336,199637,6,0,B|320:336,1,95,4|0
320,248,200072,2,0,B|224:248,1,95
392,336,200506,2,0,B|480:272|416:152,1,190,0|2
423,166,201159,1,2
352,48,201376,6,0,B|192:48,1,95,4|0
192,136,201811,2,0,B|288:136,1,95
120,48,202246,2,0,B|32:112|96:232,1,190,0|2
88,217,202898,1,2
184,216,203115,6,0,B|304:216,1,95,4|0
336,288,203550,2,0,B|232:288,1,95
376,216,203985,2,0,B|448:120|336:40,2,190,2|0|2
280,216,205072,5,0
128,288,205289,2,0,B|232:288,1,95,2|2
120,184,205724,2,0,B|0:240|64:352,1,190,6|2
55,336,206376,1,2
55,336,206593,1,4
456,336,207246,5,2
456,336,207463,1,4
256,88,208115,5,2
256,88,208332,1,4
256,232,208659,1,4
256,376,208985,1,4
256,376,209202,1,4
256,192,209311,12,4,210072
